0.0 0.5000000000000001 0.0 0.0
0.05 0.5 4.440892098500626e-16 -5.768087548367575e-29
0.1 0.5 -2.220446049250313e-16 3.3734681057050403e-29
0.15 0.5 -8.881784197001252e-16 3.0863603479655306e-28
0.2 0.5 -1.3322676295501878e-15 6.26038718397631e-28
0.25 0.5 -6.661338147750956e-16 4.221628876680091e-28
0.3 0.5 -1.1102230246251532e-15 1.2513269630121052e-27
0.35 0.5 -1.3322676295501878e-15 1.6716904883028117e-27
0.4 0.5 -1.3322676295501878e-15 2.2883205479681167e-27
0.45 0.5 -1.776356839400251e-15 3.361107435380893e-27
0.5 0.5 -2.886579864025407e-15 5.102469698359046e-27
0.55 0.5 -3.552713678800501e-15 6.463626970370475e-27
0.6 0.5 -3.9968028886505635e-15 7.204921595175608e-27
0.65 0.5 -4.6629367034256575e-15 8.613419765964064e-27
0.7 0.5 -5.329070518200751e-15 9.80289810198885e-27
0.75 0.5 -5.329070518200751e-15 9.83460044961742e-27
0.8 0.5 -5.995204332975845e-15 1.1573004968016148e-26
0.85 0.5 -6.217248937900877e-15 1.258404330109673e-26
0.9 0.5 -6.661338147750939e-15 1.3733435426018286e-26
0.95 0.5 -7.105427357601002e-15 1.3980203208781524e-26
1.0 0.5 -7.327471962526033e-15 1.3960038272093526e-26
1.05 0.5 -7.993605777301127e-15 1.7333197950112102e-26
1.1 0.5 -8.881784197001252e-15 2.2666548322000678e-26
1.15 0.5 -9.547918011776375e-15 2.665161019443177e-26
1.2 0.5 -1.0214051826551467e-14 3.240538194511596e-26
1.25 0.5 -1.0658141036401503e-14 3.659333432400779e-26
1.3 0.5 -1.1102230246251592e-14 4.067048024401562e-26
1.35 0.5 -1.1546319456101628e-14 4.2226500666646775e-26
1.4 0.5 -1.2434497875801737e-14 4.586467475783681e-26
1.45 0.5 -1.3322676295501878e-14 5.0007741350671545e-26
1.5 0.5 -1.354472090042691e-14 5.196621611608168e-26
1.55 0.5 -1.4210854715202004e-14 5.504074150112198e-26
1.6 0.5 -1.4876988529977098e-14 5.881566040329666e-26
1.65 0.5 -1.532107773982716e-14 6.105204463643481e-26
1.7 0.5 -1.554312234475219e-14 5.937288918578403e-26
1.75 0.5 -1.5987211554602254e-14 6.141827070924948e-26
1.8 0.5 -1.6431300764452317e-14 6.406130379839733e-26
1.85 0.5 -1.709743457922741e-14 6.611536038830061e-26
1.9 0.5 -1.7985612998927536e-14 6.929935501110989e-26
1.95 0.5 -1.7985612998927536e-14 6.264484324249199e-26
2.0 0.5 -1.7541523789077473e-14 5.371186677517739e-26
2.05 0.5 -1.7763568394002498e-14 6.037327825260032e-26
2.1 0.5 -1.7763568394002505e-14 5.214236827877051e-26
2.15 0.5 -1.8873791418627664e-14 6.35743018687945e-26
2.2 0.5 -1.9317880628477724e-14 6.212769064763926e-26
2.25 0.5 -2.0650148258027918e-14 7.405548313522863e-26
2.3 0.5 -2.1760371282653075e-14 8.48387929267137e-26
2.35 0.5 -2.2870594307278225e-14 9.995384124227239e-26
2.4 0.5 -2.4202861936828416e-14 1.1518458530974673e-25
2.45 0.5 -2.486899575160356e-14 1.2532854949488591e-25
2.5 0.5 -2.5757174171303632e-14 1.3563132754248768e-25
2.55 0.5 -2.6645352591003757e-14 1.4320282049720643e-25
2.6 0.5 -2.708944180085382e-14 1.457477265654389e-25
2.65 0.5 -2.7755575615628917e-14 1.509051574821006e-25
2.7 0.5 -2.8865798640254076e-14 1.5927715512944511e-25
2.75 0.5 -2.930988785010413e-14 1.631796162032741e-25
2.8 0.5 -2.9976021664879227e-14 1.6967362939921635e-25
2.85 0.5 -3.0642155479654327e-14 1.756641525229676e-25
2.9 0.5 -3.064215547965432e-14 1.78101467962024e-25
2.95 0.5 -3.1530333899354446e-14 1.872208821829263e-25
3.0 0.5 -3.175237850427948e-14 1.8876789528335636e-25
3.05 0.5 -3.241851231905458e-14 1.9419914710139378e-25
3.1 0.5 -3.3084646133829665e-14 1.9850459459249962e-25
3.15 0.5 -3.375077994860476e-14 2.0069987274169832e-25
3.2 0.5 -3.5083047578155054e-14 2.108545513412498e-25
3.25 0.5 -3.530509218307998e-14 2.120299254832572e-25
3.3 0.5 -3.552713678800501e-14 2.1466134994909363e-25
3.35 0.5 -3.6415315207705135e-14 2.2365905162968804e-25
3.4 0.5 -3.68594044175552e-14 2.2871907184929094e-25
3.45 0.5 -3.730349362740526e-14 2.3333667545529187e-25
3.5 0.5 -3.8191672047105385e-14 2.4482635602128556e-25
3.55 0.5 -3.885780586188048e-14 2.454836111544418e-25
3.6 0.5 -3.930189507173054e-14 2.5443101463297393e-25
3.65 0.5 -4.041211809635581e-14 2.661643637941147e-25
3.7 0.5 -4.17443857259059e-14 2.8660504825063557e-25
3.75 0.5 -4.285460875053105e-14 3.039707051268802e-25
3.8 0.5 -4.3520742565306136e-14 3.1794027316212326e-25
3.85 0.5 -4.4186876380081237e-14 3.286279221459859e-25
3.9 0.5 -4.463096558993129e-14 3.558875186127199e-25
3.95 0.5 -4.4853010194856324e-14 3.5825020569611595e-25
4.0 0.5 -4.574118861455646e-14 3.902940280167008e-25
4.05 0.5 -4.6407322429331543e-14 4.047383696765359e-25
4.1 0.5 -4.707345624410664e-14 4.112994382404375e-25
4.15 0.5 -4.729550084903167e-14 4.0687887747269893e-25
4.2 0.5 -4.773959005888173e-14 4.18926665843762e-25
4.25 0.5 -4.8183679268731794e-14 4.049246330740407e-25
4.3 0.5 -4.9293902293356957e-14 4.247673617822111e-25
4.35 0.5 -5.0182080713057076e-14 4.3548796771543035e-25
4.4 0.5 -5.084821452783228e-14 4.2180634201160255e-25
4.45 0.5 -5.10702591327572e-14 4.16473370532988e-25
4.5 0.5 -5.240252676230739e-14 4.37313654798423e-25
4.55 0.5 -5.306866057708248e-14 4.470874121362164e-25
4.6 0.5 -5.3290705182007514e-14 4.3481878644614945e-25
4.65 0.5 -5.417888360170764e-14 4.444965451087823e-25
4.7 0.5 -5.551115123125784e-14 4.545630954909917e-25
4.75 0.5 -5.617728504603292e-14 4.58541468765271e-25
4.8 0.5 -5.6621374255882984e-14 4.651026996339061e-25
4.85 0.5 -5.706546346573305e-14 4.587479668690313e-25
4.9 0.5 -5.706546346573305e-14 4.42317173669623e-25
4.95 0.5 -5.750955267558311e-14 4.68087715718312e-25
5.0 0.5 -5.81756864903582e-14 4.792408953507831e-25
5.05 0.5 -5.906386491005834e-14 5.0718755699155265e-25
5.1 0.5 -5.972999872483342e-14 5.257104260134967e-25
5.15 0.5 -6.061817714453355e-14 5.425892498879818e-25
5.2 0.5 -6.128431095930864e-14 5.527905351956252e-25
5.25 0.5 -6.195044477408373e-14 5.64883981142433e-25
5.3 0.5 -6.261657858885883e-14 5.759469846296345e-25
5.35 0.5 -6.350475700855895e-14 5.88618831229523e-25
5.4 0.5 -6.461498003318411e-14 6.043128581870221e-25
5.45 0.5 -6.550315845288425e-14 6.251505192547077e-25
5.5 0.5 -6.639133687258436e-14 6.315800675746912e-25
5.55 0.5 -6.72795152922845e-14 6.422190367183401e-25
5.6 0.5 -6.772360450213455e-14 6.524149913514366e-25
5.65 0.5 -6.772360450213455e-14 6.526818320295622e-25
5.7 0.5 -6.816769371198461e-14 6.583199905794068e-25
5.75 0.5 -6.861178292183467e-14 6.542137480732743e-25
5.8 0.5 -6.94999613415348e-14 6.650970032739881e-25
5.85 0.5 -7.016609515631011e-14 6.7613183076392e-25
5.9 0.5 -7.038813976123492e-14 6.781763383936825e-25
5.95 0.5 -7.061018436615996e-14 6.803730848294372e-25
6.0 0.5 -7.061018436615996e-14 6.733138278984811e-25
6.05 0.5 -7.083222897108499e-14 6.7871798174244845e-25
6.1 0.5 -7.149836278586008e-14 6.924856114056589e-25
6.15 0.5 -7.194245199571014e-14 6.9679282668105395e-25
6.2 0.5 -7.238654120556021e-14 7.042700527811061e-25
6.25 0.5 -7.327471962526055e-14 7.2651437762419425e-25
6.3 0.5 -7.37188088351104e-14 7.333808056874371e-25
6.35 0.5 -7.394085344003543e-14 7.316566200658558e-25
6.4 0.5 -7.460698725481052e-14 7.374488753210706e-25
6.45 0.5 -7.505107646466058e-14 7.474237327704218e-25
6.5 0.5 -7.593925488436092e-14 7.684671897076488e-25
6.55 0.5 -7.66053886991358e-14 7.806755692375841e-25
6.6 0.5 -7.682743330406083e-14 7.881814402689261e-25
6.65 0.5 -7.704947790898586e-14 7.858249072125565e-25
6.7 0.5 -7.793765632868599e-14 7.994524529378573e-25
6.75 0.5 -7.793765632868599e-14 7.975643912700449e-25
6.8 0.5 -7.838174553853605e-14 8.066609619411263e-25
6.85 0.5 -7.904787935331136e-14 8.207519216140437e-25
6.9 0.5 -7.949196856316121e-14 7.973260908672914e-25
6.95 0.5 -8.01581023779363e-14 7.918527346914475e-25
7.0 0.5 -8.038014698286133e-14 7.693821275245364e-25
7.05 0.5 -8.060219158778636e-14 8.339018696517841e-25
7.1 0.5 -8.104628079763643e-14 8.228053804909327e-25
7.15 0.5 -8.104628079763643e-14 7.593745447290101e-25
7.2 0.5 -8.104628079763643e-14 6.955552927710633e-25
7.25 0.5 -8.171241461241152e-14 6.961699740860282e-25
7.3 0.5 -8.237854842718662e-14 6.79888808716933e-25
7.35 0.5 -8.260059303211165e-14 6.633873144133797e-25
7.4 0.5 -8.282263763703668e-14 7.173705501663769e-25
7.45 0.5 -8.304468224196171e-14 7.394545895524603e-25
7.5 0.5 -8.326672684688674e-14 7.224530151125708e-25
7.55 0.5 -8.415490526658708e-14 7.681835045725535e-25
7.6 0.5 -8.43769498715119e-14 7.280681099960094e-25
7.65 0.5 -8.548717289613727e-14 7.392514183635079e-25
7.7 0.5 -8.593126210598712e-14 7.97905613977029e-25
7.75 0.5 -8.615330671091215e-14 8.193148391475767e-25
7.8 0.5 -8.681944052568724e-14 7.91558636729316e-25
7.85 0.5 -8.704148513061227e-14 8.1288165726071195e-25
7.9 0.5 -8.748557434046234e-14 8.028296959170967e-25
7.95 0.5 -8.79296635503124e-14 7.896736511686539e-25
8.0 0.5 -8.837375276016246e-14 7.891742741861536e-25
8.05 0.5 -8.903988657493755e-14 7.867657431000604e-25
8.1 0.5 -8.926193117986259e-14 7.687393419808942e-25
8.15 0.5 -9.037215420448774e-14 8.00861406411118e-25
8.2 0.5 -9.08162434143378e-14 7.966059573368869e-25
8.25 0.5 -9.126033262418787e-14 8.273138028727614e-25
8.3 0.5 -9.170442183403793e-14 8.643806392588947e-25
8.35 0.5 -9.214851104388821e-14 8.722788235871362e-25
8.4 0.5 -9.259260025373806e-14 9.225902953702674e-25
8.45 0.5 -9.325873406851315e-14 9.507230078787507e-25
8.5 0.5 -9.459100169806334e-14 9.978983190712487e-25
8.55 0.5 -9.50350909079134e-14 1.0700035940142132e-24
8.6 0.5 -9.525713551283843e-14 1.0606378813087929e-24
8.65 0.5 -9.547918011776346e-14 1.1029414986916759e-24
8.7 0.5 -9.57012247226885e-14 1.1124296403781006e-24
8.75 0.5 -9.703349235223868e-14 1.1585607197639034e-24
8.8 0.5 -9.703349235223868e-14 1.1608564170227706e-24
8.85 0.5 -9.792167077193881e-14 1.1662213845221087e-24
8.9 0.5 -9.836575998178887e-14 1.231386135985936e-24
8.95 0.5 -9.85878045867139e-14 1.1887338001346524e-24
9.0 0.5 -9.947598300641405e-14 1.1959590032276112e-24
9.05 0.5 -9.947598300641403e-14 1.1306920518815924e-24
9.1 0.5 -9.969802761133906e-14 1.1722690824175023e-24
9.15 0.5 -1.0036416142611415e-13 1.1562774894207832e-24
9.2 0.5 -1.0058620603103918e-13 1.1514976111076944e-24
9.25 0.5 -1.0125233984581428e-13 1.1836278015499498e-24
9.3 0.5 -1.0147438445073931e-13 1.1922387559037366e-24
9.35 0.5 -1.021405182655144e-13 1.2210551007016968e-24
9.4 0.5 -1.028066520802895e-13 1.2496270858949079e-24
9.45 0.5 -1.0302869668521453e-13 1.2805770942909494e-24
9.5 0.5 -1.0369483049998984e-13 1.3022681083438978e-24
9.55 0.5 -1.0391687510491465e-13 1.290842015421604e-24
9.6 0.5 -1.0524914273446505e-13 1.3289841653369087e-24
9.65 0.5 -1.056932319443149e-13 1.3465753795258114e-24
9.7 0.5 -1.0702549957386509e-13 1.3876566720583973e-24
9.75 0.5 -1.0746958878371515e-13 1.4052881711595616e-24
9.8 0.5 -1.0769163338864018e-13 1.4283097982375794e-24
9.85 0.5 -1.0857981180834031e-13 1.43564059046268e-24
9.9 0.5 -1.092459456231154e-13 1.462449511501939e-24
9.95 0.5 -1.0946799022804043e-13 1.4790729728492026e-24
10.0 0.5 -1.0969003483296547e-13 1.454029552528237e-24
